50 922.509 
100 1484.78 
150 1755.07 
200 1916.63 
250 2061.89 
300 2049.8 
350 2045.17 
400 2019.12 
450 2010.72 
500 2004.15 
550 1991.56 
600 1982.69 
650 1980.44 
700 1979.88 
750 1971.53 
800 1968.59 
850 1955.16 
900 1946.98 
950 1947.73 
1000 1931.24 
1050 1.54161e+13 
50 3164.56 
100 2403.85 
150 2176.02 
200 2126.25 
250 2095.07 
300 2055.34 
350 2045.81 
400 2024.74 
450 2008.13 
500 2008.27 
550 1999.46 
600 1996.04 
650 1985.19 
700 1987.79 
750 1978.98 
800 1974.28 
850 1964.62 
900 1952.43 
950 1958.78 
1000 1940.87 
1050 1.54537e+13 
50 4385.96 
100 2836.88 
150 2938.62 
200 2553.46 
250 1292.76 
300 2490.43 
350 2551.1 
400 2478.22 
450 2377.26 
500 1322.23 
550 1899.49 
600 2258.35 
650 2186.85 
700 1741.96 
750 1343.58 
800 2143.78 
850 1986.96 
900 1978.49 
950 1384.84 
1000 893.175 
1050 1.25024e+13 
50 29.0259 
100 8264.46 
150 14802.6 
200 22099.4 
250 23443.4 
300 30303 
350 29589.4 
400 33143.4 
450 39533.6 
500 30211.5 
550 40938.7 
600 35940.1 
650 36976.6 
700 35859.9 
750 34349 
800 44597.4 
850 38039.3 
900 38350.3 
950 35901.2 
1000 33668.9 
1050 2.75132e+14 
