50 271
100 1347
150 3846
200 8348
250 15156
300 26344
350 41928
400 63394
450 90639
500 124741
550 167080
600 217886
650 277337
700 346485
750 427967
800 520169
850 628208
900 748852
950 880385
1000 1035605
1050 1196592
50 79
100 832
150 3102
200 7525
250 14916
300 26273
350 41915
400 63218
450 90756
500 124485
550 166420
600 216428
650 276674
700 345107
750 426356
800 518671
850 625185
900 746762
950 875416
1000 1030468
1050 1193676
50 57
100 705
150 2297
200 6266
250 24173
300 21683
350 33613
400 51650
450 76664
500 189074
550 175179
600 191290
650 251160
700 393810
750 627987
800 477660
850 618154
900 736927
950 1238228
1000 2239204
1050 1475452
50 8613
100 242
150 456
200 724
250 1333
300 1782
350 2898
400 3862
450 4610
500 8275
550 8128
600 12020
650 14854
700 19130
750 24564
800 22961
850 32289
900 38018
950 47763
1000 59402
1050 67047
