dgemm_i
50 814.332 307
100 739.372 2705
150 1474.44 4578
200 2059.2 7770
250 2068.99 15104
300 2047.7 26371
350 2041.28 42008
400 2020.27 63358
450 2009.31 90703
500 1988.72 125709
550 1993.27 166937
600 1972.52 219009
650 1973.92 278254
700 1978.03 346810
750 1962.72 429888
800 1971.57 519382
850 1957.64 627413
900 1951.75 747023
950 1947.06 880688
1000 1933.31 1034495
dgemm_j
50 3164.56 79
100 2412.55 829
150 2151.74 3137
200 2141.9 7470
250 1980.98 15775
300 1994.61 27073
350 2048.79 41854
400 2026.05 63177
450 2009.08 90713
500 2009.57 124405
550 1989.6 167245
600 1996.08 216424
650 1982.67 277025
700 1977.83 346845
750 1971.25 428028
800 1972.53 519129
850 1967.6 624238
900 1949.79 747773
950 1950.9 878955
1000 1937.71 1032147
dgemm_k
50 4464.29 56
100 2478.31 807
150 2766.39 2440
200 2544.93 6287
250 1316.79 23732
300 2258.56 23909
350 2504.02 34245
400 2429.86 52678
450 2342.12 77814
500 1283.08 194844
550 1965.54 169292
600 2281.37 189360
650 2233.25 245942
700 1749.53 392105
750 1424.51 592310
800 2188.35 467933
850 2059.26 596453
900 1938.91 751969
950 1368.48 1253035
1000 670.7 2981957
dgemm_block
50 15.1176 16537
100 11764.7 170
150 15134.5 446
200 21220.2 754
250 22810.2 1370
300 30235.2 1786
350 27968 3066
400 34782.6 3680
450 39354.4 4631
500 30409.9 8221
550 40623.9 8191
600 36942 11694
650 37710.3 14565
700 36359.8 18867
750 35362.5 23860
800 43332.9 23631
850 37073.6 33130
900 42361.6 34418
950 35671.9 48070
1000 34523.2 57932
